00000000000000000000000000000000000000000
00000000000000000000000000000000000000000
00000000000000000000000000000000000000000
00000000000000000000000000000000000000000
00001111111001101000111100010011111110000
00001000001000100001010011000010000010000
00001011101010000010100011111010111010000
00001011101011110000010000000010111010000
00001011101010101111110110010010111010000
00001000001011111000010001000010000010000
00001111111010101010101010101011111110000
00000000000010011010101011100000000000000
00001011111001101110010010111011111000000
00000001000011101100001100110011011010000
00001010111110110111011011101000101100000
00000000000000101100001011110010111110000
00000111111010010011110011111100110000000
00001001000011011101001111111010001110000
00000011011101101001110010000110111100000
00001001100010010011000001101110011000000
00000010101001111011010110101101110010000
00001110000110110110111101010011011000000
00000001011001110101101011100001101100000
00000011010010111111100011001101111110000
00000100111111101111010000101101110110000
00001100000011101101111111010010001010000
00001010101100101000001000000100100100000
00001001100110110010100101100010111100000
00001001001100111010110010111111110010000
00000000000010101010110101001000101010000
00001111111001111111010001111010101000000
00001000001011100011000011111000111110000
00001011101011101100011010101111110110000
00001011101010000111001110100100111110000
00001011101011100001100000101111001000000
00001000001000110100101101100100111000000
00001111111011111000010010001011000100000
00000000000000000000000000000000000000000
00000000000000000000000000000000000000000
00000000000000000000000000000000000000000
00000000000000000000000000000000000000000